[2025-01-22 15:52:20] 9 = 9(d12)
[2025-01-22 15:52:20] 11 = 11(d12)
[2025-01-22 15:52:20] 12 = 12(d12)
[2025-01-22 15:52:20] 3 = 3(d12)
[2025-01-22 15:52:21] 9 = 9(d12)
[2025-01-22 15:52:21] 1 = 1(d12)
[2025-01-22 15:52:21] 3 = 3(d12)
[2025-01-22 15:52:37] 2 = 2(d6)
[2025-01-22 15:52:37] 2 = 2(d6)
[2025-01-22 15:52:38] 2 = 2(d6)
[2025-01-22 15:52:38] 1 = 1(d6)
[2025-01-22 15:52:38] 6 = 6(d6)
[2025-01-22 15:52:38] 4 = 4(d6)
[2025-01-22 15:52:38] 6 = 6(d6)
[2025-01-22 15:52:39] 3 = 3(d6)
[2025-01-22 15:52:39] 4 = 4(d6)
[2025-01-22 15:52:39] 1 = 1(d6)
[2025-01-22 15:52:39] 5 = 5(d6)
[2025-01-22 15:52:39] 3 = 3(d6)
[2025-01-22 15:52:39] 3 = 3(d6)
[2025-01-22 15:52:40] 6 = 6(d6)
[2025-01-22 15:52:40] 6 = 6(d6)
[2025-01-22 15:52:40] 4 = 4(d6)
[2025-01-22 15:52:40] 6 = 6(d6)
[2025-01-22 15:52:40] 1 = 1(d6)
[2025-01-22 15:52:41] 5 = 5(d6)
[2025-01-22 15:52:41] 4 = 4(d6)
[2025-01-26 09:43:55] 12 = 4,4,3,1(d10)
[2025-01-26 09:43:56] 27 = 10,10,2,5(d10)
[2025-01-26 09:43:57] 29 = 9,6,5,9(d10)
[2025-01-26 09:43:57] 25 = 4,6,10,5(d10)
[2025-01-26 09:43:58] 23 = 10,3,2,8(d10)
[2025-01-26 09:43:58] 30 = 10,8,5,7(d10)
[2025-01-26 09:43:59] 22 = 2,10,2,8(d10)
[2025-01-26 09:43:59] 35 = 10,10,5,10(d10)
[2025-01-26 09:44:00] 25 = 5,4,10,6(d10)
[2025-01-26 09:44:00] 19 = 6,2,7,4(d10)
[2025-01-26 09:44:00] 27 = 3,10,9,5(d10)
[2025-01-26 09:44:00] 16 = 3,1,4,8(d10)
[2025-01-26 09:44:01] 22 = 4,8,5,5(d10)
[2025-01-26 09:44:01] 27 = 8,9,6,4(d10)
[2025-01-26 09:44:01] 18 = 3,2,4,9(d10)
[2025-01-26 09:44:01] 17 = 7,5,2,3(d10)
[2025-01-26 09:44:01] 24 = 10,6,3,5(d10)
[2025-01-26 09:44:02] 19 = 9,1,4,5(d10)
[2025-01-26 09:44:02] 19 = 3,6,9,1(d10)
[2025-01-26 09:44:02] 32 = 8,10,9,5(d10)
[2025-01-26 09:44:03] 20 = 2,7,2,9(d10)
[2025-01-26 09:44:13] 86 = 2(d4) + 4,6,3,2(d6) + 7(d8) + 2(d12) + 3(d20) + 57(d100)
[2025-01-29 14:54:41] 134 = 2,4,2,4,1,2,2,3,2(d4) + 6(d6) + 1(d8) + 8(d10) + 8(d12) + 4(d20) + 85(d100)
[2025-01-29 14:54:48] 24 = 2,3,2,3,1,4,2,4,3(d4)
[2025-01-31 09:50:03] 18 = 2(d6) + 12,4(d12)
[2025-01-31 09:50:37] 84056 = 3,2,3,3,4,2,2,3,2,3,3,2,3,2,2,3,3,3,1,4,1,3,4,2,2,1,3,3,3,4,4,2,1,3,2,2,4,2,2,1,1,3,1,4,4,2,1,3,4,2,1,1,1,3,3,3,3,2,4,2,1,4,4,2,1,1,4,3,4,2,4,1,4,4,3,1,3,4,3,4,4,4,4,3,4,3,1,2,1,3,3,4,1,1,3,1,4,4,3,4,1,2,2,2,2,1,2,2,1,2,1,3,4,3,3,1,2,2,4,2,2,3,4,3,1,1,3,2,1,1,2,4,1,3,4,2,3,2,2,2,2,4,3,1,3,3,3,1,3,3,2,1,4,4,2,4,4,1,3,2,1,4,4,1,4,3,3,1,4,2,3,2,4,1,3,1,3,3,4,3,4,4,2,1,2,2,1,4,2,3,2,3,2,1,1,3,1,4,1,1,3,3,3,2,3,1,1,1,3,1,3,4,4,2,1,1,4,4,2,3,3,4,2,2,3,2,4,1,3,3,2,1,4,3,4,1,1,4,1,4,1,2,3,2,1,4,3,1,1,4,4,4,3,2,2,4,2,1,3,1,4,1,2,1,3,3,2,4,4,2,3,1,3,1,4,3,4,2,2,2,4,3,2,2,4,4,3,3,1,4,4,2,2,3,1,2,3,4,3,2,2,3,1,4,1,3,3,1,2,3,3,3,2,4,1,1,2,4,1,3,2,2,2,1,1,4,4,1,4,2,1,3,2,4,4,4,4,3,1,4,2,3,2,4,1,1,1,4,4,2,3,1,3,4,1,4,1,3,2,1,4,3,2,4,1,4,3,3,1,1,4,2,4,1,2,1,1,3,4,2,4,2,3,4,3,4,4,4,4,1,2,3,1,2,2,2,4,2,2,2,3,4,3,3,3,3,2,4,2,3,4,1,3,1,2,4,3,4,3,2,2,2,4,3,2,4,1,4,3,2,1,3,2,2,1,1,1,2,2,3,2,4,1,3,4,1,2,2,2,3,1,4,4,3,2,4,2,3,4,3,2,1,1,2,1,2,3,4,2,3,4,3,3,2,3,3,2,2,2,2,2,3,3,1,3,2,1,4,3,4,1,2,3,1,1,1,2,4,4,1,3,3,2,4,2,1,3,3,3,2,3,2,3,1,1,2,2,3,2,1,3,1,1,1,4,1,1,2,1,2,3,2,3,3,2,2,1,3,2,2,2,4,4,2,3,4,2,1,1,3,2,3,3,4,4,2,4,2,4,2,2,1,4,2,3,3,1,3,3,1,4,1,1,3,4,4,1,3,1,3,3,1,1,3,1,2,1,3,2,4,2,3,4,2,4,4,1,4,2,3,1,4,2,4,1,2,4,1,1,3,1,1,2,1,2,3,3,1,2,1,1,4,4,3,3,1,4,1,1,3,1,2,4,2,4,1,1,4,2,1,4,3,3,3,1,1,2,3,2,2,1,1,3,2,1,3,1,4,3,1,2,4,3,2,4,1,1,1,3,2,1,4,1,3,2,4,3,2,1,1,1,2,4,3,2,1,2,3,4,2,2,1,2,1,2,2,1,3,2,3,2,1,1,3,2,2,1,3,4,3,3,3,1,2,4,2,1,1,4,2,3,1,4,4,2,1,4,2,1,1,3,4,1,2,1,1,4,4,1,3,4,3,2,4,3,2,3,3,3,2,1,4,1,4,1,4,4,4,2,1,1,1,1,2,2,1,3,1,2,1,2,3,3,3,4,2,4,1,4,2,1,4,1,2,3,3,4,1,2,1,1,1,1,3,2,1,1,2,2,4,2,4,4,2,1,4,4,1,4,1,3,2,1,4,3,4,2,4,2,4,1,3,1,4,1,3,4,4,1,1,1,1,1,1,2,3,4,4,4,2,3,2,2,4,2,1,3,4,4,2,4,4,3,4,3,4,3,1,1,2,3,4,2,1,3,1,4,2,1,1,1,1,1,3,4,2,3,4,3,2,3,1,1,2,3,1,1,3,3,2,1,2,1,1,2,2,2,1,3,4,4,2,4,4,3,2,2,4,4,3,3,2,3,2,4,2,2,3,1,3,3,2,4,3,3,3,3,2,4,1,4,4,2,3,4,1,2,4,2,4,2,2,1,4,3,3,1,4,2,3,2,4,3,1,2,2,4,3,2,1,4,3,2,3,4,4,1,3,3,3,2,1,2,3,1,3,3,3,2,4,3,4,4,1,2,2,4,4,4,4,2,1,4,1,4,2,3,2,2,3(d4) + 1,2,1,4,3,1,1,4,6,6,2,1,1,6,5,2,1,4,3,4,3,5,6,6,3,2,4,4,1,5,6,5,3,2,5,4,3,6,4,2,5,3,6,5,4,1,5,3,6,2,1,1,2,1,2,5,5,3,4,5,1,2,2,3,6,4,2,5,2,2,6,2,6,4,6,1,6,4,6,6,1,4,5,5,6,6,6,4,3,1,4,2,2,4,6,4,4,1,2,1,4,5,5,4,6,4,5,6,6,1,5,5,6,5,3,2,2,2,1,3,5,5,3,6,5,5,6,5,3,1,5,1,3,6,3,2,1,4,6,4,4,6,6,4,3,1,4,6,1,3,3,6,5,3,4,6,5,5,1,1,4,3,3,1,4,1,2,5,2,4,6,1,4,6,6,3,2,4,6,3,4,5,3,5,4,6,3,3,3,4,5,5,6,4,5,2,3,3,6,5,3,5,5,1,6,6,6,1,2,1,5,3,2,4,6,5,2,3,6,2,4,1,4,1,6,2,3,6,2,6,6,3,1,2,5,2,4,1,6,1,6,1,2,1,1,1,1,2,4,2,5,4,5,3,4,5,3,6,5,6,2,4,4,5,5,5,1,6,1,5,3,3,1,3,4,2,4,1,2,6,5,3,1,4,3,2,4,3,1,5,6,4,6,4,5,2,6,3,1,2,3,5,4,6,6,4,2,4,4,6,4,1,3,5,3,2,5,6,2,2,5,4,3,5,2,3,4,5,2,3,2,5,1,4,6,2,2,4,6,4,6,1,6,3,5,6,6,2,4,3,4,3,4,5,2,6,5,6,4,6,5,3,6,3,2,2,4,2,5,6,2,4,1,3,2,2,4,5,5,5,2,3,2,2,2,6,6,5,5,6,6,1,1,3,3,3,4,5,6,4,5,4,6,2,1,5,3,1,6,2,1,5,5,3,3,1,1,3,4,2,1,5,1,2,1,3,6,1,1,6,4,5,2,2,2,6,2,4,2,1,3,5,5,4,6,4,5,1,6,6,3,6,5,3,6,5,2,2,3,3,4,4,5,6,5,6,1,1,5,1,1,5,2,6,1,3,5,5,5,5,3,4,3,3,4,1,5,2,4,5,1,4,6,4,2,5,3,2,1,2,6,1,2,5,3,6,1,5,1,6,4,2,1,5,5,6,2,4,3,6,5,2,3,6,3,5,4,4,2,3,2,3,4,5,5,1,6,1,4,2,6,6,6,4,2,2,1,2,4,4,2,5,3,6,1,1,2,5,6,2,4,6,4,2,1,2,2,6,2,1,3,5,4,5,1,2,3,3,1,1,1,4,6,5,3,5,5,3,4,6,3,2,6,1,6,4,1,3,4,6,6,3,4,6,6,1,5,5,3,2,1,2,4,6,6,5,5,3,1,2,3,2,4,1,1,4,4,4,2,1,2,3,4,4,2,2,6,6,1,2,4,5,4,3,3,5,5,4,3,6,5,5,6,1,2,4,2,6,2,1,1,3,4,6,2,4,3,5,3,1,1,4,1,1,5,5,4,3,2,2,5,4,3,6,3,6,3,2,2,2,3,1,5,3,1,5,2,4,6,6,1,1,2,2,5,6,3,5,2,3,3,5,2,2,6,6,1,4,1,1,4,3,4,4,2,5,4,6,4,3,6,6,4,1,3,1,1,3,5,2,4,3,6,2,2,5,1,2,4,4,4,3,2,4,5,4,3,4,4,2,5,1,4,1,3,4,6,4,2,3,6,6,1,5,4,1,3,1,4,6,5,4,6,5,3,2,4,1,2,2,1,4,2,6,4,3,2,5,2,4,5,1,5,3,1,1,5,6,4,6,5,5,5,2,3,2,6,4,3,4,1,4,5,5,4,2,3,4,3,2,6,6,6,2,4,5,1,5,4,4,1,4,3,5,4,5,2,3,4,5,6,3,5,2,2,4,6,6,3,6,4,5,6,4,4,4,2,6,4,5,3,2,4,6,5,2,6,5,3,3,6,3,6,2,1,3,4,4,6,4,3,4,5,3,3,1,5,4,3,1,3,5,3,2,1,5,4,5,4,6,3,2,2,2,2,4,2,5,6,1,6,5,1,6,1,5,4,2,3,6,1,3,3,2,5,3,2,5,2,4,6,4,1,1,4,1,1,3,6,3,4,2,1,2,6,4,3,1,6,5,4,5,6,2,1,4,1,5,4,3,1,1,1,6,5,1,5,2,3,5,1,3,4,2,2,6,4,4,6,4,6,1,6,6,4,1,4,2,6,2(d6) + 7,4,2,1,5,3,8,5,6,6,3,3,5,2,6,4,6,3,6,2,1,4,4,7,1,7,3,4,5,2,5,4,8,8,5,3,5,1,7,7,4,4,1,8,3,5,5,3,5,7,3,2,8,6,4,6,6,2,2,2,6,4,2,6,4,2,8,7,5,2,8,8,4,6,4,6,2,7,3,4,4,8,4,6,5,3,4,5,4,1,1,4,7,6,5,5,5,8,6,7,6,8,7,1,5,6,8,4,8,7,8,5,6,8,5,6,4,5,2,2,8,6,2,8,2,2,1,4,8,4,7,7,6,7,8,4,5,5,8,1,3,8,3,1,4,3,8,6,2,1,3,4,6,6,3,7,1,3,6,2,1,2,1,3,7,5,1,2,5,2,5,2,4,1,1,1,1,8,1,6,6,3,5,6,5,7,7,8,1,4,7,7,5,2,2,7,8,6,5,6,1,1,3,4,6,7,7,4,2,4,4,8,4,1,2,1,7,4,6,1,5,7,5,6,6,5,7,7,3,7,7,4,3,2,1,5,7,8,8,6,5,6,3,3,6,8,7,1,7,2,6,7,4,5,1,6,1,3,1,6,6,8,2,7,5,5,2,6,6,8,7,4,2,5,4,1,2,8,3,6,2,2,1,6,2,1,5,6,7,4,1,4,2,7,7,2,7,8,7,6,6,8,2,5,3,6,7,3,1,1,1,7,5,7,8,8,6,3,6,8,5,2,7,2,1,1,1,3,2,3,1,4,5,1,1,8,6,6,5,6,1,1,1,4,1,3,8,5,8,4,5,3,4,6,8,4,8,8,3,8,1,5,8,3,5,2,6,5,7,6,4,1,1,6,4,2,2,3,8,1,6,3,2,4,3,2,4,5,8,4,1,3,8,2,2,8,7,3,2,6,7,7,1,4,8,2,2,4,4,6,4,3,7,6,4,1,5,7,3,8,7,7,6,6,8,8,8,6,6,7,2,2,4,3,4,2,7,3,7,7,7,2,1,7,2,5,3,7,2,5,4,5,3,1,1,5,7,2,4,8,3,3,1,8,5,2,4,7,5,4,3,3,6,7,7,1,6,3,1,4,8,6,6,2,4,1,1,4,4,7,1,3,5,6,5,2,3,5,4,4,1,3,8,3,1,3,7,4,5,3,5,8,6,3,6,3,4,4,7,1,2,7,1,1,5,5,8,6,3,2,3,7,1,6,2,1,6,2,2,3,4,2,7,2,8,5,7,7,7,5,6,5,1,6,2,5,6,6,7,5,3,5,8,7,2,4,5,6,7,8,8,5,1,2,1,4,7,8,6,3,5,1,5,5,7,1,5,6,3,3,8,1,4,6,6,6,8,4,5,3,8,3,8,4,7,6,2,8,3,5,3,8,3,1,5,6,4,3,1,6,1,1,2,4,1,6,1,8,3,7,3,2,8,2,6,7,7,6,2,5,3,3,7,7,8,2,6,4,8,8,3,3,2,8,5,5,4,1,4,2,2,8,2,6,2,7,1,8,8,5,5,5,7,2,3,1,5,7,8,4,2,2,8,6,2,1,5,2,7,8,6,5,2,1,5,6,1,6,5,8,8,7,3,3,8,2,5,2,3,4,2,8,1,5,1,4,6,8,8,4,2,6,3,5,7,8,4,3,3,7,7,7,8,2,3,5,2,1,4,2,1,5,8,7,2,3,8,1,6,8,6,1,5,6,3,7,8,7,4,8,3,1,6,6,2,1,7,2,7,3,2,1,4,7,5,5,8,2,1,1,5,8,5,3,3,8,1,5,4,1,7,5,8,6,4,5,2,3,4,4,7,8,7,4,1,8,4,2,1,1,1,7,6,7,7,8,6,2,1,2,6,6,8,2,8,6,2,2,5,5,3,8,8,2,6,1,6,4,8,2,6,2,8,4,3,7,1,1,2,8,4,8,4,6,7,4,3,6,7,4,7,4,1,3,2,2,7,2,7,7,3,7,1,6,4,4,1,7,3,7,7,7,7,1,5,7,6,2,1,8,1,3,1,3,7,5,5,7,3,7,1,6,8,5,5,6,8,3,1,5,5,4,5,7,6,7,2,4,3,2,1,4,4,7,4,8,1,3,1,7,1,1,3,8,5,4,8,3,7,8,8,8,1,7,6,8,3,5,3,3,3,7,6,1,7,4,5,2,2,8,3,6,5,7,2,6,8,5,8,3,7,4,6,5,1,4,2,1,2,5,8,2,3,3,2,4,2,5,4,5,6,5,5,1,8,8,8,6,8,2(d8) + 10,3,3,5,5,5,5,7,8,1,10,9,6,4,8,10,7,7,1,6,5,4,9,1,7,6,10,10,7,3,6,1,7,10,7,4,4,6,6,2,1,9,9,6,7,4,6,6,9,7,2,10,3,8,3,6,7,8,4,1,3,9,7,10,8,10,5,7,7,4,4,4,1,2,7,2,7,8,7,7,1,7,2,2,2,3,8,5,2,3,8,10,8,8,5,1,10,6,2,7,10,10,8,2,5,6,3,3,9,7,10,7,8,4,3,5,2,7,4,6,8,4,9,8,10,5,2,5,9,10,7,2,9,8,8,10,4,2,8,2,4,8,3,9,8,1,7,2,4,5,5,9,6,2,10,4,9,1,7,2,10,3,3,10,8,3,6,1,6,2,7,1,10,2,3,8,1,4,8,4,7,2,10,6,3,10,3,5,8,2,4,6,5,1,2,6,1,3,8,9,3,4,8,5,3,9,1,2,6,3,2,7,1,7,3,1,10,5,7,7,6,9,1,7,4,3,9,3,5,9,5,2,7,5,6,4,4,6,8,4,8,6,5,7,4,5,8,2,7,10,8,4,2,7,6,8,5,8,7,8,5,6,8,3,1,6,9,2,5,1,4,8,5,4,7,7,7,3,1,8,8,10,1,2,10,10,4,5,10,8,4,6,2,3,1,2,1,8,5,3,7,4,8,6,9,2,6,7,9,10,4,10,1,4,10,1,10,6,4,8,8,8,2,10,2,2,7,5,2,10,5,9,2,3,2,5,4,10,9,10,1,6,1,4,2,6,5,6,4,3,7,10,4,2,4,2,1,9,7,8,6,4,5,10,9,8,7,10,8,5,4,1,6,8,5,1,3,3,4,9,9,1,6,8,9,4,3,3,7,2,7,1,2,4,4,8,6,10,5,7,5,8,6,3,2,9,8,5,7,9,10,8,7,9,5,10,3,2,6,4,1,6,4,9,3,10,10,8,5,10,10,7,6,5,1,7,9,6,5,5,10,8,9,6,6,10,3,3,2,2,9,10,9,9,10,4,5,2,9,1,6,10,8,10,2,10,7,7,4,2,7,2,10,10,9,6,4,7,9,10,1,2,9,3,7,8,1,8,3,9,1,3,1,7,3,10,4,6,5,6,5,4,2,2,8,8,4,4,9,10,1,7,9,3,3,1,3,5,9,2,2,1,10,7,1,1,2,2,5,2,2,6,6,1,3,1,10,5,5,6,10,3,7,8,5,10,1,6,8,5,4,2,9,3,2,6,3,2,7,4,5,6,9,4,6,3,6,3,7,6,9,10,2,2,3,5,5,2,10,7,8,3,10,4,9,6,10,5,8,6,5,4,7,6,1,7,1,10,8,9,4,5,9,4,6,8,1,2,6,9,4,1,6,6,7,7,9,7,1,8,9,8,4,7,9,7,5,1,7,10,3,10,6,7,2,10,5,8,3,10,6,8,4,6,9,7,2,1,4,6,10,6,6,9,5,3,8,1,9,5,5,2,2,1,5,3,3,5,8,7,6,8,9,1,1,4,2,4,9,4,5,5,6,6,1,3,6,3,6,5,9,7,4,5,2,10,8,5,9,7,4,3,7,7,4,2,9,9,2,3,5,3,4,2,4,1,10,3,9,9,1,2,7,5,10,10,4,3,8,4,2,6,8,1,10,10,8,9,9,5,10,4,3,9,6,8,5,3,5,5,3,5,10,6,7,9,2,1,6,2,6,3,7,4,2,3,1,7,6,4,9,10,1,4,6,8,10,2,5,5,2,2,4,2,3,9,7,7,2,8,5,9,9,7,9,9,10,9,9,10,9,5,6,9,5,1,6,1,6,5,9,4,7,6,9,2,3,7,3,1,3,1,6,4,2,8,7,7,4,2,5,2,3,8,2,7,7,1,3,7,7,6,2,2,4,2,9,3,7,7,2,3,2,7,10,9,3,9,4,6,3,10,5,7,3,6,10,7,10,9,7,6,8,2,9,9,5,7,4,7,6,2,1,5,8,9,7,2,1,3,5,1,9,9,3,7,10,7,3,1,4,3,2,1,7,5,1,7,8,6,5,1,7,3,4,8,1,1,2,10,6,5,8,7,2,5,10,10,4,1,7,6,1,4,4,9,10,5,10,6,2,1,9,9,6,7,4,1,8,1,9,4,2,5,7,4,1,2,6,4,5,4,10,1,2,2,2,8,1,4,2,10,8,2,7,6,1,1,7,7,2,1,2,1,4,2,3,4,6,2,1,6,7,1,5,4,2,1,9,8(d10) + 9,5,10,12,8,6,6,10,7,9,7,1,6,2,6,3,1,5,1,11,7,4,11,7,1,3,3,3,2,9,3,3,5,4,11,9,2,12,1,8,7,5,5,7,3,3,8,3,1,3,4,12,5,11,10,1,11,12,12,3,10,6,11,7,5,11,2,9,6,4,5,5,6,12,12,10,3,2,3,3,5,4,12,12,8,7,7,4,9,4,11,5,7,2,10,7,9,10,11,1,11,4,9,9,9,9,3,7,9,8,2,7,3,1,4,12,4,7,3,6,6,10,10,9,6,8,3,8,7,3,5,2,5,9,8,4,5,12,10,3,4,3,5,6,11,7,5,10,5,10,11,1,2,9,4,10,11,11,1,1,3,7,1,12,9,12,8,5,7,1,8,9,1,3,11,3,5,4,8,5,2,11,11,12,7,4,8,9,5,7,3,4,12,8,1,8,7,2,3,9,7,6,2,7,11,11,11,11,12,2,3,4,9,6,9,5,11,4,6,9,9,4,6,8,3,10,12,12,6,8,2,1,8,11,1,10,7,4,5,9,5,12,9,10,2,4,6,5,7,8,10,1,11,7,9,5,11,4,4,9,7,4,9,10,10,2,9,7,1,9,7,12,7,1,10,10,11,11,8,5,2,9,4,11,10,12,3,10,4,7,4,4,8,10,7,9,8,1,8,7,4,9,9,10,1,11,9,12,7,3,12,10,2,3,8,8,3,5,2,5,12,3,10,10,4,7,4,4,3,10,1,4,10,6,4,2,8,10,3,10,12,5,9,10,4,1,4,7,3,8,7,9,11,9,10,4,10,8,9,3,9,1,9,7,1,8,10,1,7,10,6,3,2,2,4,7,3,12,9,5,5,4,5,8,6,2,10,8,7,5,6,5,1,8,7,2,10,7,9,8,5,3,1,4,10,5,7,3,8,11,12,1,7,1,4,8,1,4,7,2,2,2,2,7,1,3,8,3,5,12,9,11,5,2,2,10,8,2,2,3,3,8,2,4,5,1,7,5,8,6,7,5,8,2,8,1,8,7,2,6,5,6,2,2,10,10,9,2,8,1,10,10,5,2,7,9,10,7,6,5,6,1,9,7,3,11,1,9,4,2,8,4,7,1,5,12,11,7,12,6,12,11,7,10,1,7,11,4,12,4,4,1,11,6,7,8,7,8,5,10,8,7,4,4,1,3,1,10,12,11,7,8,10,11,3,6,5,4,11,9,8,12,3,9,2,4,5,9,5,10,2,11,12,10,11,8,3,12,1,11,1,4,8,7,3,2,10,10,12,2,7,1,10,5,4,9,10,5,8,10,3,12,5,6,10,3,8,7,12,4,10,4,6,10,2,4,3,3,6,9,1,12,8,6,10,8,5,2,10,3,7,4,7,8,4,5,5,8,7,6,9,3,2,10,8,5,11,4,3,2,12,5,11,8,10,6,8,1,10,5,10,1,10,8,5,2,6,5,10,3,3,3,9,5,10,9,11,3,5,7,11,11,7,2,2,7,3,7,9,5,1,5,5,8,12,6,12,6,4,3,9,4,10,9,1,6,12,8,11,8,5,1,4,9,3,12,10,7,2,5,3,3,4,4,4,3,12,1,9,2,9,4,6,3,2,11,12,4,9,10,2,2,2,8,8,6,3,4,7,4,3,6,10,5,7,11,8,1,12,3,3,6,9,1,12,7,10,8,5,11,6,8,11,2,7,4,9,11,1,12,9,10,3,12,11,2,9,5,12,6,4,8,2,9,10,11,9,2,10,2,1,4,10,6,11,5,7,10,3,7,8,4,3,2,9,8,10,2,2,12,12,7,6,6,9,12,11,5,8,8,9,4,9,4,6,6,4,7,3,9,10,4,10,5,6,7,1,9,5,10,11,6,7,1,2,1,10,2,9,8,12,10,7,7,5,1,8,4,12,12,3,1,8,10,4,2,9,7,11,6,1,7,3,8,11,9,5,1,2,3,8,3,1,9,2,5,3,3,1,4,7,4,6,1,7,4,10,6,10,10,9,2,8,2,7,4,9,2,2,7,5,7,11,10,7,11,10,3,1,5,3,8,2,7,7,3,7,7,1,1,1,4,1,1,8,7,8,8,9,8,4,3,7,4,12,4,1,10,5,8,11,12,1,6,5,3,8,8,8,6,11,6,2,5,8,9,8,11,5,5,11,1,5,8,8,11,2,12,9,11,5,2,7,6,12,11,8,12,1,12,10,9,1,4,1,10,7,11,5,12,8,11,5,8,7,1,7,6,12,4(d12) + 20,9,5,17,17,5,2,8,13,3,9,14,10,10,7,7,6,8,17,3,18,7,16,2,14,14,5,5,20,13,8,11,6,9,15,15,3,18,15,20,17,20,2,17,5,13,20,9,16,20,11,15,4,3,1,1,9,20,9,16,15,12,12,14,12,12,12,9,15,1,13,19,6,20,11,18,15,11,19,9,6,3,7,3,17,18,17,16,2,6,20,11,3,9,11,15,19,15,8,14,10,7,6,12,9,1,19,7,4,6,14,10,15,13,16,14,3,4,4,5,5,16,2,10,19,1,11,20,16,19,5,7,11,5,18,15,1,4,5,17,1,5,16,12,18,4,2,2,4,1,12,6,13,7,10,3,20,4,15,15,12,5,15,20,7,2,13,10,11,15,16,2,16,4,8,20,13,3,9,3,8,10,11,2,4,12,13,3,12,10,9,13,11,5,3,16,4,4,6,14,5,12,20,3,4,16,17,7,3,10,2,17,20,20,13,9,4,5,15,11,15,6,5,11,7,3,18,17,2,3,15,16,19,15,13,7,3,20,18,15,17,12,19,7,19,5,16,17,3,20,19,18,10,18,1,16,3,19,1,15,6,9,9,2,10,12,1,3,19,4,6,14,5,12,15,12,3,5,20,18,12,2,2,15,12,16,19,19,9,7,2,7,17,7,14,1,1,11,12,18,18,16,11,19,7,2,8,10,13,20,10,18,12,14,7,19,1,7,1,4,19,9,12,1,3,16,20,7,6,3,5,6,10,18,14,15,7,14,12,20,13,20,2,12,18,4,15,1,2,7,3,10,5,3,8,4,13,5,19,9,18,4,12,4,9,2,13,16,2,16,13,1,1,13,3,1,8,15,7,6,4,10,1,4,18,18,13,19,8,4,3,8,20,5,14,6,8,19,15,16,7,3,11,14,4,9,18,12,3,10,20,8,6,11,7,18,10,9,10,18,20,2,17,5,11,11,20,15,19,6,15,4,8,1,9,9,8,3,19,20,1,7,10,18,11,19,10,6,19,8,18,11,12,5,8,11,5,1,5,6,10,16,14,19,1,4,20,10,2,7,11,18,17,12,16,1,10,15,7,4,8,10,3,7,11,15,6,1,16,5,16,16,10,19,18,3,3,15,6,10,5,4,17,10,12,11,18,19,18,16,15,19,7,8,9,12,14,2,8,9,2,2,13,17,7,10,6,11,10,19,8,8,17,20,18,1,1,1,1,5,9,1,19,12,3,2,20,6,20,4,13,18,5,11,9,8,7,5,10,13,8,12,19,14,16,10,18,18,5,2,5,1,10,2,13,3,9,15,18,4,4,4,1,1,1,18,2,9,19,9,11,15,11,4,20,14,20,15,4,16,18,9,3,20,12,14,17,11,8,8,17,13,20,17,2,9,18,4,10,20,9,12,5,6,10,7,13,8,3,4,3,1,6,2,9,10,20,11,17,17,7,1,1,15,19,20,15,1,2,18,7,15,17,8,12,19,13,7,7,2,1,11,18,15,6,6,12,5,3,18,13,8,13,2,4,2,17,9,2,13,8,7,7,20,15,14,9,13,19,11,8,16,14,7,7,5,10,11,11,7,12,2,15,3,18,18,20,11,5,1,9,15,16,10,6,2,18,7,5,15,2,17,15,5,11,3,1,17,1,7,2,17,17,10,13,14,14,11,7,9,16,18,11,20,14,10,19,12,1,18,13,6,11,11,1,18,17,4,20,5,12,14,17,11,16,5,11,20,16,3,6,8,11,2,16,15,12,18,1,17,2,18,3,14,20,12,17,9,20,15,3,10,18,7,1,3,14,12,12,19,18,15,5,13,3,1,16,2,15,11,3,10,7,3,13,17,7,20,8,13,7,14,5,3,11,17,17,16,18,16,16,7,10,12,7,17,18,7,4,7,17,20,19,12,8,19,17,2,6,10,9,1,17,8,1,4,19,1,9,7,12,20,12,1,17,16,20,19,2,1,18,11,17,11,17,6,17,13,5,4,20,10,8,9,20,15,15,14,14,5,15,10,13,18,9,19,7,17,4,1,4,4,17,5,13,17,6,7,3,11,20,2,8,17,2,13,1,3,5,13,5,2,6,10,9,2,2,18,5,7,1,13,18,19,17,17,15,9,4,13,5,10,8,8,3,10,5,19,20,6,1,6,17,6,11,10,5,12,9,2,6,8,5,11,3,20,19,1,7,13,19,14,1,3,15,19,20,2,10,17,8,10,6,14,11,3,4,6,10,17,4,4,3,1,3,6,11,17,13,13(d20) + 16,87,15,89,75,7,91,4,3,88,38,85,10,10,52,89,50,14,21,57,97,97,2,75,39,15,7,95,36,95,19,51,23,62,71,64,16,35,72,18,11,87,75,99,11,2,5,84,77,96,88,42,51,50,42,3,4,96,80,65,83,37,57,82,68,72,87,37,30,10,12,7,32,56,38,83,64,68,34,49,30,28,89,87,58,10,36,13,70,6,79,23,14,100,21,96,47,27,5,1,71,75,55,94,91,73,62,40,71,29,68,26,61,11,78,64,20,84,2,82,73,55,78,80,32,66,75,86,85,36,59,74,33,70,65,75,86,96,50,58,97,53,99,72,63,23,54,40,44,9,93,74,45,91,7,66,41,3,59,65,26,61,52,49,49,88,37,71,93,9,60,22,59,50,51,7,57,72,92,57,15,36,52,84,99,44,42,29,68,83,60,48,19,6,71,14,55,14,4,100,4,81,76,12,17,56,44,42,3,63,56,21,92,20,57,31,75,30,63,48,5,10,28,66,57,36,89,71,21,36,31,72,8,16,75,50,46,26,18,47,3,8,87,33,65,74,54,91,65,1,69,100,81,73,25,54,74,88,83,21,20,25,35,75,54,97,53,27,72,56,62,37,24,36,90,51,62,89,24,30,58,38,38,100,58,75,69,64,95,64,5,77,19,87,35,12,16,12,27,38,72,89,31,42,1,82,6,10,50,65,95,73,45,77,52,72,37,21,50,40,23,46,60,2,90,5,35,89,22,41,95,70,78,53,39,29,55,47,39,23,66,77,84,17,24,96,56,100,80,49,17,63,69,16,63,74,32,73,88,63,92,9,54,39,88,60,25,5,97,74,45,16,100,32,20,45,26,74,94,3,43,20,16,5,43,71,11,71,21,1,92,99,70,56,27,64,21,56,39,58,82,71,4,9,59,94,42,75,10,70,42,9,97,86,14,14,63,86,65,17,29,29,64,57,80,39,29,53,34,19,68,84,43,74,82,82,54,20,94,87,87,25,52,74,27,28,61,87,55,6,88,33,51,100,88,88,41,60,62,11,18,87,43,63,27,20,15,90,61,21,96,94,93,65,5,32,59,41,95,7,9,78,86,60,76,73,25,56,2,83,11,72,91,72,83,94,79,57,25,15,81,92,70,88,41,59,62,8,88,75,25,39,99,98,68,82,39,77,91,13,29,34,68,39,8,86,34,69,62,91,54,64,55,57,44,29,35,55,75,53,79,52,71,64,10,19,4,6,35,88,90,60,19,89,66,71,77,46,38,34,41,17,3,90,66,72,90,31,93,74,96,60,67,30,45,65,94,86,25,80,3,44,89,12,60,80,59,82,96,90,28,6,66,88,71,88,46,72,54,6,11,88,14,82,25,73,83,90,79,37,32,54,62,26,81,27,86,70,54,20,74,79,76,17,87,80,99,40,12,62,73,8,15,4,52,94,93,42,39,83,68,28,48,46,10,67,11,69,73,28,69,68,2,43,61,95,22,100,19,71,65,82,79,14,16,55,75,15,45,40,33,31,14,7,80,46,22,52,64,15,27,93,40,62,54,46,43,85,53,47,99,49,57,41,71,58,14,4,48,19,24,11,94,65,85,11,57,15,33,5,43,47,81,95,32,14,81,25,67,96,98,19,29,76,8,42,62,6,35,9,34,10,38,6,92,46,28,70,97,74,97,90,19,61,77,53,81,70,22,98,63,35,19,14,59,61,63,11,92,18,56,65,58,29,67,25,17,15,64,75,84,43,40,36,57,84,95,21,33,17,34,2,70,3,39,10,27,99,14,8,41,90,35,58,82,76,46,80,68,62,85,17,29,26,61,37,78,66,13,16,74,4,59,58,91,11,58,77,19,22,15,19,55,67,14,21,59,65,45,46,76,31,77,20,74,58,82,34,21,47,10,35,73,5,6,86,26,85,39,74,29,42,90,72,81,13,90,26,10,71,54,18,16,87,28,16,31,45,77,61,90,59,64,38,58,51,99,29,97,97,31,40,56,58,91,98,72,45,93,47,54,10,74,25,19,97,46,34,75,5,6,65,16,18,61,32,41,15,59,35,76,58,10,70,29,44,7,48,64,86,4,69,14,86,25,8,93,92,42,10,48,64,21,96,5,95,82,73,1,67,70,52,56,53,29,59,4,79,100,41,26,44,74,37,4,34,55,42,3,18,39,59,74,91,75,49,17,31,89,50,57,15,56,5,51,98,70,98,25,83,92,94,57,32,11,92,90,67,97,18,38,28,99,1,12,83,7,50,72,7(d100)
[2025-02-07 13:58:29] 23 = 1,3,3,3,2,1,3,3(d4) + 2,2(d6)
[2025-02-07 14:00:38] 38 = 4,4,4,2,3,4,4,3(d4) + 4,6(d6)
[2025-02-07 14:00:38] 19 = 1,2,2,1,1,4,3,1(d4) + 3,1(d6)
[2025-02-07 14:00:38] 30 = 2,1,2,4,1,3,4,2(d4) + 5,6(d6)
[2025-02-07 14:00:38] 33 = 4,3,3,1,2,3,2,4(d4) + 6,5(d6)
[2025-02-07 14:00:38] 31 = 4,3,4,2,3,4,2,2(d4) + 4,3(d6)
[2025-02-07 14:00:39] 32 = 2,3,1,4,4,1,4,1(d4) + 6,6(d6)
[2025-02-07 14:00:39] 28 = 3,3,2,4,1,2,4,2(d4) + 1,6(d6)
[2025-02-07 14:00:39] 33 = 3,3,2,3,4,4,4,2(d4) + 3,5(d6)
[2025-02-07 14:00:39] 27 = 4,2,2,2,1,2,4,3(d4) + 1,6(d6)
[2025-02-07 14:00:40] 27 = 2,2,4,3,3,3,1,1(d4) + 4,4(d6)
[2025-02-07 14:00:40] 33 = 2,3,4,4,4,2,4,1(d4) + 6,3(d6)
[2025-02-07 14:00:40] 30 = 3,1,3,2,3,1,4,4(d4) + 3,6(d6)
[2025-02-07 14:00:40] 25 = 4,1,2,3,3,1,1,3(d4) + 5,2(d6)
[2025-02-07 14:04:41] 24 = 2,3,3,2,1,2,2,3(d4) + 5,1(d6)
[2025-02-07 14:04:42] 25 = 3,1,1,2,3,3,1,4(d4) + 5,2(d6)
[2025-02-07 14:04:43] 28 = 4,1,4,4,4,2,4,3(d4) + 1,1(d6)
[2025-02-07 14:04:51] 26912 = 4,4,3,4,2,1,3,2(d4) + 3,2(d6) + 3,4,8,8,6,6,6,7,3,6,4,4,3,2,3,1,4,1,7,7,7,5,4,2,8,8,2,1,8,2,2,7,8,7,2,5,4,3,5,6,6,7,8,4,4,6,1,5,3,4,3,1,6,1,7,8,4,7,2,1,6,3,4,7,8,7,8,6,5,1,4,1,3,7,6,5,6,5,5,6,2,2,5,5,6,4,6,5,7,6,1,3,1,6,8,3,2,6,1,5,4,5,8,6,5,7,8,2,5,8,7,6,8,3,4,8,6,8,7,7,6,3,2,3,8,2,1,2,1,2,5,6,4,5,7,6,7,3,7,1,1,7,4,7,8,6,1,7,8,2,4,8,6,1,1,4,2,2,4,6,2,1,2,5,7,5,4,8,1,2,2,3,1,5,1,5,1,2,1,2,7,3,2,8,3,4,8,3,4,5,8,3,8,5,8,3,8,7,7,6,4,1,5,6,1,8,8,5,2,7,6,5,5,5,3,5,7,3,7,6,6,5,5,5,8,1,3,7,1,4,4,3,4,5,7,5,6,2,2,4,5,4,2,5,4,4,4,6,4,5,2,8,7,1,2,5,5,3,1,6,6,2,4,8,8,2,2,7,4,4,3,4,8,2,4,8,5,2,4,2,5,8,3,5,2,4,7,4,7,1,6,8,8,2,4,1,2,3,6,6,1,5,8,2,4,2,8,6,8,8,5,1,3,7,7,2,3,5,1,5,5,2,5,7,4,1,7,2,8,3,4,5,5,5,4,3,4,6,4,5,6,1,2,1,5,5,7,5,7,5,3,4,4,2,1,3,8,6,8,4,1,5,6,3,2,7,4,3,2,3,7,5,5,7,7,6,7,3,5,3,2,8,3,5,6,8,1,4,3,7,8,5,7,6,8,2,7,6,5,8,6,3,2,7,7,1,4,3,1,6,1,2,3,6,2,5,1,1,6,6,6,2,1,6,4,5,5,1,8,7,4,8,5,7,7,7,7,4,4,8,5,2,6,7,3,5,5,8,1,4,3,4,2,6,1,3,5,8,6,1,5,3,6,3,7,2,6,7,3,1,2,8,1,2,6,4,6,4,2,4,5,2,3,2,1,8,5,3,4,7,2,5,8,4,8,2,8,4,8,4,5,8,2,1,7,8,6,4,1,2,4,4,3,1,2,4,8,6,3,1,2,1,5,3,2,4,6,4,1,2,3,8,6,5,7,3,5,6,2,1,5,7,4,6,5,1,1,8,1,1,5,2,2,3,6,4,8,7,1,8,8,2,2,5,8,3,7,4,5,4,2,1,5,8,8,2,1,8,8,7,4,1,4,4,4,3,2,5,7,2,4,5,2,3,1,4,7,1,8,2,8,3,2,2,4,4,7,5,4,2,2,8,5,7,2,3,6,8,6,1,2,6,1,1,3,5,8,4,7,8,5,6,4,2,5,3,7,3,6,5,5,5,7,8,8,8,6,8,4,5,1,4,4,1,8,6,8,6,2,1,3,8,3,8,5,8,4,6,8,3,6,7,1,7,6,4,8,5,1,6,4,3,4,5,4,3,1,6,7,4,2,3,1,8,7,6,5,7,8,4,6,7,3,5,8,7,6,3,6,3,6,3,2,5,7,3,5,3,1,7,7,6,3,1,5,8,4,2,8,2,1,3,7,8,2,6,2,7,2,3,3,7,5,7,1,5,5,7,5,6,8,8,6,6,1,8,2,3,8,5,2,5,4,2,8,6,3,7,4,3,2,2,8,7,4,2,4,2,6,3,3,7,6,3,5,5,6,7,6,6,2,2,7,4,8,8,3,3,2,3,2,6,8,3,3,6,4,8,4,7,4,6,4,8,5,2,6,1,8,7,2,3,6,3,5,1,8,2,4,4,6,3,1,7,6,6,4,4,2,2,3,4,3,2,8,1,2,1,4,6,8,5,4,7,5,4,8,7,4,6,1,3,3,6,3,6,8,2,4,5,3,6,8,1,6,6,3,8,7,2,3,3,1,2,7,5,5,6,5,8,1,1,5,7,4,8,6,1,5,8,1,1,5,3,5,7,1,3,8,6,1,7,3,1,1,5,8,8,6,7,6,3,5,6,5,2,7,3,2,2,3,8,8,4,6,3,4,2,4,5,8,4,4,6,3,4,8,1,8,5,3,2,8,3,5,5,8,5,7,7,5,4,7,4,1,3,5,4,6,3,8,1,7,2,1,4,4,6,3,7,3,5,7,8,7,1,7,3,4,4,3,8,6,5,6,7,8,8,3,6(d8) + 10,3,2,1,6,2,1,9,2,2,3,9,4,9,6,1,1,5,2,1,2,5,5,3,9,6,7,4,4,3,3,8,3,3,4,3,4,4,3,7,8,2,8,2,3,9,10,7,6,6,1,3,10,8,7,3,8,3,8,3,10,10,7,1,9,3,4,6,4,5,3,9,3,10,3,10,10,1,6,6,4,3,1,2,1,2,10,1,6,8,8,5,9,9,2,7,6,8,7,2,2,5,4,10,9,7,3,10,6,9,1,5,1,7,10,9,10,7,9,9,2,1,9,8,4,3,5,5,9,4,5,3,10,10,7,4,6,7,6,8,5,8,2,6,8,4,2,8,5,4,9,6,7,1,4,8,9,5,10,1,8,7,1,8,6,3,10,10,1,3,5,3,4,7,3,9,5,7,2,10,8,7,1,1,3,8,5,1,7,3,5,5,10,5,5,1,5,9,1,2,4,3,9,10,6,6,7,3,10,4,10,7,9,10,4,7,10,7,3,4,2,7,9,9,2,3,4,10,4,8,2,8,9,1,4,2,9,2,5,10,10,5,8,5,4,5,1,8,3,2,3,8,9,2,5,10,7,1,4,9,5,5,9,3,2,8,4,10,6,5,7,1,8,6,7,9,3,2,6,4,4,3,2,8,8,9,9,10,10,5,9,1,10,5,9,1,8,4,7,7,10,6,3,1,8,8,1,8,7,2,10,7,9,8,3,1,6,8,6,10,4,10,4,8,9,4,6,4,4,9,3,6,2,6,4,3,7,1,8,3,2,2,4,2,5,3,3,8,6,9,1,9,9,6,6,6,9,10,4,5,2,5,2,10,5,1,3,6,7,5,4,7,10,5,10,9,2,9,7,10,7,10,6,10,7,4,10,5,9,3,2,9,2,6,2,2,10,7,1,2,9,9,2,7,1,7,6,9,7,3,8,8,7,9,1,8,9,4,5,3,3,10,5,8,6,8,6,6,4,4,7,7,3,8,9,10,1,8,4,6,6,6,9,8,6,1,5,5,4,2,2,7,10,5,9,9,2,8,1,7,5,6,9,4,6,8,6,1,1,9,1,4,7,5,3,6,8,1,4,9,5,5,7,1,7,3,9,10,5,5,4,2,4,5,8,5,10,2,10,2,6,8,8,6,4,1,9,1,10,10,7,5,2,5,2,9,1,4,6,3,3,6,9,3,10,2,9,8,1,4,2,6,8,7,8,10,3,7,8,7,9,5,2,9,8,7,7,1,3,7,9,3,6,9,7,4,4,8,5,6,5,1,5,4,6,10,9,3,6,7,6,8,3,3,5,10,3,9,8,3,9,9,6,6,1,9,6,4,9,2,8,8,10,1,9,3,10,5,5,9,10,9,8,9,6,5,6,10,10,3,10,8,6,1,3,8,10,1,1,4,6,5,10,10,8,10,1,2,8,9,9,4,4,4,5,7,5,4,10,4,7,3,2,1,2,4,5,2,8,8,3,3,9,4,2,6,3,10,2,4,1,2,7,2,8,4,10,1,8,6,6,2,7,7,5,3,10,3,6,1,2,3,2,10,8,9,8,6,4,4,1,6,5,1,4,10,5,3,5,7,7,3,6,10,5,4,6,2,1,2,1,2,4,8,2,8,1,7,2,5,2,4,5,4,8,7,6,8,3,8,4,9,2,6,1,5,8,8,3,10,2,2,3,8,7,6,1,10,4,1,4,8,6,8,1,5,7,10,5,8,6,2,1,1,7,4,9,2,8,7,7,4,9,3,7,8,1,4,6,1,10,7,10,6,5,10,1,8,5,9,9,3,5,9,3,8,3,2,5,2,10,2,4,7,5,1,8,9,4,3,4,7,1,3,6,6,5,8,3,7,5,2,1,7,10,3,1,6,1,7,3,3,2,10,6,1,6,4,4,4,2,7,10,5,4,1,2,3,2,7,4,8,4,2,4,5,4,8,1,1,2,1,7,3,4,6,4,4,9,4,6,9,2,10,5,9,8,3,4,1,8,10,7,6,1,5,9,6,6,9,9,10,2,4,5,7,3,9,6,2,9,6,10,2,3,6,10,9,9,6,3,4,10,9,5,8,8,9,5,1,3,8,6,2,9,2,2,10,3,3,4,6,3,1,6,7,10,3,6,1,10,9,3,8,2,6,5,3,4,2,10,2,9,2,9,4,1,1,8,2,4,5,1,7,3,1,1,4,5,4,3,7,10,6,2,5,1,5,6,2,2,7,5,3,8,2,8,3,9,8,4,6,5,3,3,2,3,7,5,9(d10) + 9,8,8,1,2,4,9,9,11,2,5,4,7,11,6,3,1,12,7,6,4,9,9,10,9,6,8,8,8,7,8,7,11,12,7,10,1,10,1,8,8,7,2,1,10,10,11,3,10,10,10,1,7,5,6,12,9,2,12,7,12,1,10,12,7,2,1,10,6,1,8,12,6,11,6,7,3,10,6,1,8,8,12,8,7,3,7,5,10,2,8,12,10,4,7,9,10,7,2,4,12,9,11,5,6,3,8,9,11,2,1,3,7,4,10,2,4,7,6,1,5,10,9,5,6,9,6,2,8,12,4,7,1,10,4,12,7,4,6,9,9,1,11,2,11,2,5,11,1,5,7,3,1,6,3,3,11,4,12,10,12,11,1,7,5,2,3,7,8,9,3,2,9,12,12,7,12,8,3,5,10,11,5,11,11,5,12,3,1,10,9,11,8,7,3,4,2,2,4,4,11,6,3,10,5,4,11,5,3,6,11,5,4,11,4,1,2,4,5,2,7,11,11,2,3,4,4,8,4,11,10,9,4,6,1,2,5,1,6,3,10,8,4,4,9,11,11,8,8,12,7,8,1,10,8,11,2,3,2,5,7,8,6,8,8,9,6,4,12,4,4,5,12,12,12,7,5,12,3,10,5,4,4,2,10,11,1,1,7,9,12,1,3,12,6,6,2,6,1,1,4,10,5,11,8,5,12,3,2,4,1,11,10,9,11,12,4,8,11,11,12,7,7,2,10,11,3,6,5,11,4,6,3,3,10,9,3,10,10,9,11,4,12,9,1,10,8,4,3,11,10,12,11,5,4,11,8,6,1,10,2,12,8,5,11,5,8,6,12,5,11,12,5,5,11,5,3,6,10,5,2,2,1,2,10,7,12,10,4,9,2,12,3,8,2,12,1,7,1,4,9,3,3,12,2,4,5,5,9,6,2,10,7,7,6,10,3,8,11,12,4,9,2,3,4,3,7,7,8,1,11,7,1,4,2,12,6,3,12,1,4,8,4,2,12,5,1,3,9,3,3,1,4,5,9,4,7,1,11,11,11,5,4,7,7,6,7,5,1,3,12,9,4,11,8,5,5,12,1,5,1,12,10,5,12,8,1,8,12,11,9,6,9,1,1,2,9,12,9,3,12,10,10,12,2,8,3,2,6,12,2,5,1,2,5,3,12,10,3,8,1,12,9,3,10,7,3,9,6,1,6,2,4,12,9,11,7,8,2,8,12,8,3,4,8,8,1,6,3,1,9,3,9,10,7,1,12,10,4,12,4,5,1,6,6,12,2,4,12,5,9,4,10,3,5,12,5,9,11,12,1,1,8,10,8,9,2,10,9,8,2,12,11,6,8,5,11,2,12,8,10,1,11,1,5,11,8,3,6,9,4,11,2,2,5,3,2,3,3,2,12,6,10,11,12,11,8,5,3,6,6,4,9,10,11,4,1,7,6,10,6,10,7,11,9,4,8,6,11,4,1,10,2,10,6,8,9,5,10,4,10,11,2,6,10,1,12,11,2,2,10,9,4,3,8,10,7,3,8,9,11,5,5,2,6,5,7,1,5,3,1,1,4,11,10,10,2,11,6,1,10,5,12,1,4,9,4,5,1,4,12,2,2,2,5,5,9,3,4,12,9,2,4,11,10,4,5,6,6,11,12,3,4,5,9,4,7,3,11,1,4,11,12,12,5,6,6,2,1,8,7,1,1,9,7,5,11,7,1,11,4,5,5,9,6,8,11,8,7,5,12,8,10,7,3,4,6,2,1,4,12,5,11,1,3,11,2,6,5,1,5,9,2,9,1,1,1,8,5,11,2,10,3,7,5,7,12,4,5,5,1,3,6,9,2,6,6,5,7,6,10,8,1,2,7,4,12,4,12,12,12,6,11,9,3,1,9,9,4,1,10,2,3,1,4,6,2,6,11,6,1,12,7,9,7,2,11,9,3,4,2,9,8,11,8,10,1,2,1,8,8,9,9,10,1,7,10,7,7,4,8,7,4,12,6,7,11,7,6,5,12,8,4,2,2,7,5,8,10,2,8,12,8,6,6,5,5,4,1,8,7,8,12,3,4,9,12,9,1,4,11,4,4,10,6,4,6,1,2,7,6,6,10,5,8,9,10,11,9,9,6,9,1,12,3,2,9,9,4,10,12,2,5,2,6,7,3,3,6,9,3,12,12,2,9,8,11,5,10,1,10,3,4,6,6,6,10,6,6,7,10,3,7,8,8,4,11,8,7,5,8,4,3,5,7,10,11,7,10,7(d12) + 12,17,13,3,20,18,12,17,20,14,18,5,5,14,10,18,16,9,8,1,12,10,10,9,9,15,17,3,19,3,4,15,12,18,19,8,4,16,10,15,20,14,9,14,16,10,10,11,7,19,4,7,15,17,9,10,18,19,4,11,3,13,13,19,13,4,14,12,9,7,11,13,6,10,12,15,14,18,4,15,5,9,8,19,12,10,16,4,7,17,14,8,9,20,10,7,10,8,5,9,18,2,15,20,2,20,10,2,16,4,9,19,20,1,19,9,1,2,8,4,6,4,20,4,14,7,3,11,13,1,7,5,5,7,12,11,7,10,1,12,19,15,14,11,13,19,13,9,5,12,5,10,16,10,18,9,11,2,16,18,10,3,20,8,5,7,9,1,10,14,2,10,10,7,1,6,13,13,13,18,15,8,1,20,6,7,11,2,12,3,19,1,1,14,4,20,5,2,12,18,10,10,4,18,1,9,14,8,7,20,17,7,9,17,20,1,16,2,20,19,10,14,8,11,2,14,7,13,2,9,18,3,13,20,4,4,7,11,1,6,20,16,6,2,9,2,16,15,5,14,14,15,15,18,17,2,18,18,1,3,5,3,19,12,6,6,14,7,14,4,13,7,12,4,4,13,14,4,13,7,16,11,9,17,10,15,14,10,6,13,17,19,19,13,16,12,14,20,4,6,18,20,17,16,6,1,11,20,7,19,7,4,10,12,4,2,6,9,13,3,17,18,19,19,11,9,11,17,10,14,20,9,8,9,17,9,3,13,5,10,17,20,14,13,6,1,2,19,8,12,15,19,7,4,8,19,14,3,3,16,5,2,4,19,8,19,15,15,7,20,14,4,11,8,13,13,12,10,8,18,15,9,2,8,16,8,10,17,6,8,4,5,17,18,11,8,18,10,4,20,4,6,15,3,18,15,3,7,2,9,8,2,14,2,16,14,17,7,6,2,12,16,7,11,9,12,10,4,20,13,19,2,7,14,4,20,11,17,20,12,2,1,7,15,9,13,1,19,16,16,6,9,14,6,20,9,13,18,1,2,15,15,1,1,5,5,19,14,9,10,19,13,17,6,17,9,11,19,18,8,9,20,10,17,9,8,15,15,5,4,11,18,3,15,2,14,16,15,14,3,5,20,11,13,3,10,1,5,1,12,5,12,1,5,5,8,10,19,6,9,8,4,19,5,8,13,10,12,11,20,2,4,12,3,9,8,17,17,3,11,3,3,17,3,19,17,3,13,3,18,14,5,17,3,18,15,13,7,17,12,16,11,4,2,6,16,13,9,15,11,4,10,5,19,4,6,6,5,3,8,8,7,5,1,20,14,2,3,12,16,3,11,2,12,17,9,3,3,15,1,6,9,2,16,12,16,11,5,7,20,19,11,15,20,17,18,17,8,17,20,8,2,8,5,2,9,20,20,3,9,1,17,12,15,9,2,20,17,9,10,20,8,10,14,5,9,15,6,3,5,15,3,18,7,13,3,13,17,19,18,12,16,2,3,10,13,13,3,18,1,4,6,14,13,2,17,9,13,17,13,15,20,11,14,1,8,15,9,5,10,7,15,12,12,5,12,5,11,8,5,8,15,11,6,12,2,14,12,13,11,6,20,17,7,18,15,20,9,4,20,16,3,7,5,14,14,3,11,8,7,8,5,4,10,12,14,1,8,14,9,12,14,10,4,14,3,11,18,15,20,3,9,1,10,5,15,19,1,14,1,15,11,20,19,12,4,7,7,2,13,7,16,4,12,16,13,8,10,7,4,1,18,1,2,7,18,11,17,9,13,15,12,17,4,11,2,1,7,15,13,8,16,2,18,8,16,5,1,3,3,17,16,13,3,8,1,5,4,20,2,2,20,4,5,11,14,9,20,15,19,15,10,4,1,8,17,13,11,17,11,3,19,8,7,17,4,10,16,19,5,5,4,20,11,6,9,2,1,4,8,11,1,6,17,13,2,20,20,6,17,5,20,7,5,15,5,4,18,9,1,19,7,13,14,13,3,11,16,12,2,5,18,6,7,3,12,12,5,9,15,9,20,7,6,6,6,13,8,9,12,3,4,18,16,20,12,15,9,5,17,7,8,10,15,11,16,12,4,12,8,13,4,10,16,15,18,8,3,1,10,14,2,20,7,4,9,4,20,20,18,14,8,13,1,20,8,17,10,8,20,9,17,17,4,4,6,11,5,7,10,2,20,20,8,6,15,3,13,1,1,2,13,7,2,19,9,1,1,13,5,18,16,2,8,15,2,3,13,13,5(d20)
[2025-02-07 14:07:29] 26901 = 2,3,2,2,1,2,2,2(d4) + 6,4(d6) + 3,5,1,8,2,2,6,3,2,6,5,5,1,1,7,4,4,6,8,5,1,2,1,5,6,6,3,2,2,8,3,3,4,3,2,4,7,5,3,5,2,8,8,6,1,3,4,3,8,7,7,2,7,2,1,1,6,4,8,6,2,4,7,7,2,4,7,4,1,1,6,6,6,8,4,6,1,4,6,8,3,1,2,6,6,5,7,2,3,8,7,5,4,1,8,6,3,3,1,2,7,7,8,5,1,3,8,7,3,3,4,2,8,7,2,2,2,3,7,6,3,6,8,4,3,4,2,6,2,5,7,4,2,5,1,6,2,2,5,1,6,7,8,1,6,2,6,4,8,7,1,7,8,2,6,5,1,1,8,2,1,6,6,3,8,3,7,7,6,2,7,1,6,8,4,8,1,7,4,8,4,4,5,2,8,3,4,8,8,5,2,3,2,7,3,1,7,1,1,2,7,4,2,5,1,4,8,3,7,1,1,7,6,2,1,2,7,7,4,4,2,3,1,3,7,3,2,8,6,7,3,4,6,7,3,4,4,5,7,1,6,5,3,7,2,3,8,2,4,1,4,2,2,3,8,1,8,6,2,8,2,8,1,2,8,4,3,2,7,3,4,8,6,5,8,6,1,7,4,1,3,4,3,7,1,1,6,3,3,8,2,4,1,4,1,2,7,3,3,3,1,4,5,8,5,4,1,5,1,2,6,3,5,6,5,2,7,1,5,5,2,7,3,8,1,7,7,7,2,8,3,1,5,5,2,1,4,5,3,1,8,1,5,4,5,6,4,8,8,4,1,6,8,1,5,5,4,6,4,8,1,5,8,5,2,4,3,7,7,4,2,6,4,2,2,7,4,2,6,3,2,6,3,3,3,4,3,8,3,3,4,7,6,3,8,4,5,8,3,5,7,4,4,6,5,7,7,5,3,8,6,8,1,2,5,6,7,2,3,3,7,3,4,2,2,2,7,3,3,4,8,6,7,6,1,4,4,1,4,7,2,1,5,2,8,8,6,8,3,5,2,3,2,5,8,5,4,7,8,1,6,4,2,2,8,7,8,7,5,3,5,8,3,4,1,6,4,2,8,5,2,3,4,1,2,1,3,8,1,3,7,1,2,6,6,7,7,1,2,5,6,7,7,4,3,2,2,7,1,3,2,2,3,8,7,6,7,1,3,5,6,3,4,2,6,3,8,5,4,4,7,8,1,2,7,2,5,3,4,7,3,7,2,2,2,3,4,4,7,2,1,4,7,1,5,2,5,4,2,2,8,8,2,4,5,5,8,7,1,8,6,3,1,7,6,4,1,4,3,4,3,8,6,8,4,8,5,5,1,6,5,7,2,7,2,6,2,4,2,5,1,6,7,4,7,2,8,1,8,6,8,5,6,2,1,2,8,4,6,5,2,6,6,8,1,1,3,4,8,5,6,4,2,6,1,6,4,7,1,7,2,7,2,6,3,2,3,1,5,5,1,1,4,6,1,8,3,8,6,8,2,4,2,1,1,6,6,1,3,4,3,1,7,8,6,1,5,4,5,7,1,1,3,1,5,7,2,6,3,3,4,4,5,6,7,5,2,3,3,7,1,7,1,2,6,7,8,4,8,6,6,8,4,3,3,1,6,3,2,7,6,4,8,2,1,3,5,7,2,5,7,8,4,5,8,3,6,6,6,2,2,5,7,7,8,1,6,8,2,8,5,7,6,5,6,2,6,7,7,3,2,7,7,6,8,6,3,6,8,4,4,4,6,8,4,8,2,2,8,1,2,6,6,5,1,5,8,7,3,8,1,6,6,5,7,8,3,2,5,1,7,1,4,7,3,6,8,7,1,7,4,6,8,8,3,8,6,2,6,1,8,2,3,6,8,5,7,7,6,8,7,8,8,6,1,4,8,8,8,4,2,8,6,4,8,4,2,8,8,5,6,8,3,8,3,4,5,6,1,1,1,6,1,4,1,6,5,6,7,2,2,6,6,2,7,2,3,1,5,3,7,4,6,3,2,5,2,7,1,4,4,3,1,4,7,4,7,4,7,5,4,8,1,2,4,3,7,3,6,2,8,4,5,8,4,1,8,5,7,1,1,3,2,4,3,5,4,1,2,6,8,3,3,4,1,5,5,1,6,1,4,2,3,7,7,4,4,4,2,2,6,8,5,7,6,5,7,5,5,4,2,3,4,2,2,1,6,2,6,1,3,8,3,3,7,7,1,5,2,2,8,2,5,4,7,4,3,8,2,2,4,1,6,2,7,3,8,8,7,5(d8) + 8,6,5,3,6,9,3,6,9,2,4,4,7,10,5,10,9,9,4,3,9,6,1,2,10,4,3,8,10,7,6,1,3,2,6,7,10,4,5,4,2,9,8,5,9,2,7,4,3,1,4,6,3,5,3,9,4,3,7,7,9,9,2,6,6,7,10,7,7,1,3,6,3,10,7,10,10,4,8,6,3,4,6,7,3,6,5,6,7,4,1,2,3,1,10,5,8,8,8,3,8,4,9,3,9,6,1,5,1,2,9,9,9,7,10,3,1,4,2,5,9,5,6,6,9,10,3,4,8,9,4,6,5,7,3,9,5,2,8,9,6,10,10,3,10,8,7,4,1,5,10,2,2,6,2,9,7,4,3,7,8,1,6,3,8,6,7,4,6,6,8,7,4,1,2,8,3,8,9,5,6,1,2,5,1,8,6,9,8,8,8,6,3,4,1,4,9,9,2,9,10,4,5,4,2,5,5,6,3,4,2,8,1,6,6,1,1,3,8,8,7,1,10,3,6,5,3,6,3,3,4,3,5,5,2,9,8,5,3,4,10,3,5,4,4,3,4,4,8,2,3,4,7,1,10,5,6,9,3,2,5,7,4,3,6,9,2,2,7,3,5,6,6,10,2,8,10,7,6,1,5,4,1,2,10,5,4,9,9,1,9,7,9,10,9,7,3,1,8,2,10,5,5,1,3,6,7,9,1,3,9,6,1,6,8,9,10,7,7,4,9,3,5,1,1,5,4,1,2,9,2,6,1,3,10,10,10,2,7,8,9,1,1,9,3,10,1,1,3,2,10,3,2,8,10,2,4,9,1,6,10,7,8,6,10,8,6,2,8,10,4,9,7,5,8,1,4,6,4,5,3,3,2,8,4,4,9,3,4,2,3,6,1,10,10,5,9,8,1,7,5,4,10,4,9,10,6,7,3,4,4,9,6,1,8,4,4,9,5,1,10,7,10,8,3,5,3,7,10,10,4,6,7,8,10,9,1,7,7,5,10,5,8,5,4,10,4,6,1,3,9,7,6,8,2,8,5,10,9,2,9,9,4,6,7,5,9,5,4,9,10,2,5,7,2,10,2,6,3,7,6,1,9,7,2,8,7,5,3,8,4,3,5,8,7,6,3,9,9,4,3,6,1,4,2,2,6,4,9,1,6,4,3,4,9,5,3,2,8,8,6,3,7,8,1,10,4,1,4,6,5,1,3,5,1,6,3,5,2,9,1,3,9,4,10,3,9,3,1,6,7,8,1,4,8,6,5,8,7,10,9,10,7,6,8,8,1,4,9,8,4,6,8,5,3,6,4,8,7,6,3,4,1,3,9,1,2,7,10,7,9,10,9,4,1,6,5,6,3,6,4,1,3,7,8,4,6,7,8,4,5,1,4,10,4,2,10,8,1,10,3,4,5,4,1,2,9,6,9,8,1,3,5,7,3,1,6,3,3,1,1,1,9,6,7,7,4,7,5,8,10,7,7,4,4,4,5,9,4,9,6,7,3,3,6,6,9,7,8,10,8,10,10,5,8,8,4,5,2,1,10,9,4,5,4,8,5,7,9,8,3,3,2,7,8,10,7,1,5,5,2,3,9,1,3,7,1,10,10,3,5,9,3,10,4,8,2,1,6,7,10,9,5,4,9,7,9,1,4,1,3,6,10,9,10,2,3,5,7,5,8,3,6,7,10,2,7,2,5,4,7,5,10,6,7,4,9,1,10,3,6,10,6,2,3,9,4,5,9,6,3,4,1,3,9,10,9,6,6,4,3,3,6,5,3,5,2,2,1,8,10,7,10,9,5,8,1,3,4,6,4,1,5,10,7,6,9,10,2,7,8,10,7,1,8,7,8,5,7,10,5,9,8,6,2,4,5,7,8,10,8,7,2,10,1,8,1,9,8,1,1,3,10,9,4,10,9,10,4,4,3,8,6,7,5,8,9,1,5,4,2,2,5,1,3,10,5,10,9,9,10,4,3,4,7,8,1,9,7,1,6,4,10,6,1,8,4,8,2,1,3,2,2,10,1,5,7,4,8,4,7,3,7,7,1,3,7,5,5,1,2,6,10,9,8,6,10,9,10,7,2,6,3,8,6,6,10,7,4,6,5,5,3,2,9,9,4,6,3,7,5,6,5,6,8,4,3,7,5,3,7,6,4,2,8,8,2,8,9,5,6,6,6,1,9,9,9,7,8,6,5,2,7,3,8,7,2,1,7,8,2,9,4,10,3,6,6,7,7,3,6,3,7,10,8,2,3,4,5,5(d10) + 6,11,1,9,4,11,12,5,4,6,1,10,2,1,2,2,8,3,5,3,11,7,2,8,10,8,2,8,3,1,11,5,11,8,2,8,9,6,2,6,2,11,7,4,6,10,4,10,3,9,10,7,4,8,7,8,10,5,6,11,10,7,8,8,3,6,11,12,5,1,5,12,1,9,1,3,1,6,4,4,9,4,3,1,4,9,8,8,9,7,8,2,9,6,4,1,6,1,3,4,3,7,11,5,4,5,3,9,2,2,11,6,1,8,10,11,11,2,5,7,3,7,8,6,8,11,2,11,1,12,4,2,4,6,4,4,11,11,5,12,6,11,3,2,11,5,11,1,5,8,4,1,5,6,5,6,8,11,11,4,10,4,9,3,11,2,6,8,1,3,10,1,10,3,7,1,3,9,8,10,6,10,6,12,4,10,8,11,12,1,12,4,11,8,6,11,3,12,6,11,5,6,1,2,1,3,6,3,2,4,10,5,4,8,1,12,7,9,1,5,1,7,9,11,1,1,11,5,5,5,2,7,7,12,1,12,7,9,12,7,8,1,3,11,4,9,5,5,7,3,7,9,4,3,12,1,10,8,10,1,8,2,10,6,8,11,8,2,6,12,10,12,4,12,9,5,2,9,3,9,7,4,7,2,10,2,3,11,7,7,11,9,8,3,9,10,9,4,10,1,10,5,3,6,11,9,9,9,10,9,10,11,3,6,3,2,2,11,12,5,4,2,1,5,2,9,10,4,10,9,4,8,10,6,11,3,2,10,8,2,8,5,10,9,5,6,11,1,5,1,1,10,2,5,12,6,7,4,11,4,1,5,6,5,4,2,2,1,5,7,4,11,4,12,10,2,11,9,1,3,2,2,8,1,4,6,3,4,4,3,10,9,1,11,7,7,8,5,5,9,3,11,10,12,2,11,10,3,9,4,6,4,2,4,3,3,7,8,8,1,12,8,11,12,9,1,3,4,3,7,12,9,10,1,3,4,4,4,5,8,8,6,9,7,11,2,11,1,6,2,10,7,1,5,3,8,7,11,4,9,12,1,6,12,5,5,2,10,6,4,9,3,12,7,7,7,11,5,1,12,5,7,11,5,9,3,9,5,5,7,2,3,9,9,5,6,7,10,12,3,6,9,8,3,4,2,6,11,10,4,9,7,9,9,11,3,12,11,6,8,2,5,8,12,6,11,10,12,6,9,12,7,3,12,3,12,9,9,7,8,1,2,12,4,5,10,10,9,7,9,11,11,6,1,3,4,3,5,7,2,1,12,9,2,1,5,1,10,2,9,7,5,10,11,1,8,11,8,11,10,12,8,1,1,8,11,12,2,11,3,8,10,12,1,11,9,1,3,8,11,2,3,3,4,7,6,1,4,4,7,5,12,6,1,10,10,5,8,3,7,8,8,3,5,5,4,12,10,8,8,3,9,10,12,4,9,9,12,4,8,9,2,4,10,3,12,6,1,1,3,3,5,3,12,7,7,2,1,4,12,6,6,12,2,8,10,6,5,8,10,6,9,5,2,12,5,9,5,6,4,1,7,2,3,1,7,6,2,1,10,6,7,7,12,5,3,3,6,8,11,9,7,1,2,6,8,9,7,1,6,9,1,11,7,3,8,10,3,7,11,9,6,3,4,1,8,4,4,10,8,7,8,10,1,9,4,3,10,2,5,3,5,12,12,2,8,3,9,12,12,8,9,7,7,12,1,8,10,7,5,1,9,12,9,6,6,6,5,8,12,11,5,2,1,9,7,1,6,3,3,5,10,1,4,2,3,11,10,5,9,1,9,2,2,2,7,2,4,4,7,8,11,5,7,12,1,4,9,6,1,9,12,3,9,6,7,9,1,3,7,3,5,2,10,10,4,11,1,10,7,10,7,2,7,12,2,12,9,2,6,12,2,12,3,11,9,11,7,6,7,8,1,5,9,4,3,5,7,9,1,8,4,11,11,3,10,7,7,4,8,11,1,8,4,3,8,1,12,8,2,6,2,10,9,4,11,8,10,10,3,2,11,3,3,7,5,4,12,12,5,11,12,7,11,6,5,12,4,12,10,6,7,9,1,8,5,2,3,5,11,7,3,7,1,5,4,6,11,11,11,3,6,2,10,6,4,8,1,5,8,3,8,4,9,11,6,8,7,4,10,7,8,5,12,2,12,7,8,10,6,9,1,11,2,1,3,10,3,1,10,10,6,10,3,10,9,5,3,1,2,11,11,8,3,2,7,11,2,9,12,8,7,3,3,10,9,3,5,4,11(d12) + 14,18,10,18,8,6,1,11,2,11,11,19,14,3,18,5,15,1,3,1,9,18,13,9,5,20,3,1,7,19,5,9,18,15,1,10,9,11,7,19,20,2,17,11,18,15,18,5,18,8,13,15,13,12,4,20,12,14,18,6,13,10,19,10,9,19,5,20,10,17,7,1,3,17,15,17,12,15,8,18,4,14,8,6,19,20,15,13,15,13,13,13,2,19,1,18,1,6,13,14,15,19,5,8,14,16,11,18,13,17,2,2,6,10,6,11,5,9,18,7,10,8,18,4,17,2,17,11,16,7,19,8,5,11,6,12,13,10,13,15,2,11,20,1,10,19,7,16,8,18,1,17,3,17,11,2,15,5,5,13,1,15,10,7,1,12,11,12,17,16,20,11,4,2,3,6,8,4,6,6,6,5,14,17,16,15,10,4,3,14,4,2,13,3,7,3,12,8,11,15,8,9,9,6,14,5,9,15,12,7,10,10,15,11,8,16,13,3,11,7,18,4,10,11,2,7,10,6,10,8,8,5,2,6,2,8,12,19,2,19,12,20,13,12,9,1,4,16,15,16,15,11,3,8,10,10,10,3,10,17,20,4,1,9,16,7,5,6,18,7,9,5,8,15,1,1,9,8,17,2,5,16,2,8,17,10,17,20,3,18,17,14,3,9,16,13,7,14,11,4,8,12,1,17,11,4,7,19,6,4,8,1,11,16,10,17,4,3,8,14,3,12,3,14,15,1,12,18,19,17,1,3,15,12,11,14,20,7,19,9,4,18,16,20,8,3,15,13,19,20,12,7,13,18,2,5,4,20,16,6,4,17,12,2,15,11,4,4,12,5,1,14,14,1,12,3,7,7,7,8,16,10,1,16,5,15,16,6,19,15,11,9,10,8,17,12,11,6,19,19,16,19,3,12,10,3,7,12,12,20,18,2,1,15,16,11,5,11,14,15,3,10,5,17,8,8,9,11,3,17,11,1,17,12,17,19,15,8,15,2,2,13,7,19,8,7,8,15,13,20,2,9,14,2,1,20,18,14,8,9,17,5,20,19,9,10,4,8,15,2,12,16,7,17,18,18,10,13,8,8,19,18,20,9,5,11,20,9,8,1,16,8,16,1,19,5,20,5,16,2,19,6,7,15,14,13,10,14,10,1,19,9,10,10,10,6,16,3,13,6,4,6,5,1,19,16,9,15,17,15,18,20,17,11,17,1,14,10,14,20,19,3,5,9,19,18,8,19,19,11,20,14,13,19,12,14,9,5,9,19,7,10,5,20,16,19,8,3,8,9,14,14,6,9,16,11,14,11,1,12,15,15,3,10,10,14,20,18,11,13,10,1,19,7,13,3,1,2,8,11,6,20,9,8,12,1,2,5,5,4,19,11,5,5,13,15,11,16,13,3,1,11,17,6,15,5,10,5,1,7,19,15,1,15,2,6,18,20,9,19,16,2,9,10,2,7,15,2,5,11,11,7,16,9,15,9,6,17,4,17,8,11,3,12,15,6,2,13,1,5,4,17,3,20,16,3,15,5,1,7,19,20,18,9,5,11,14,2,6,14,8,4,16,12,11,10,5,14,14,5,20,13,15,7,9,12,19,11,3,11,4,12,19,12,11,1,20,15,5,7,18,5,6,3,18,16,19,4,5,8,10,9,6,2,4,8,12,17,19,14,2,11,9,6,11,3,11,16,9,20,2,9,2,19,6,2,1,7,9,19,20,5,7,2,20,18,4,9,10,14,2,1,9,17,7,11,17,6,13,9,20,3,18,3,18,2,2,7,16,8,13,9,19,20,1,1,15,19,14,15,3,2,18,14,2,16,6,16,5,10,15,8,11,11,17,17,16,16,4,7,8,8,11,19,10,2,14,14,10,2,4,7,10,8,13,4,11,20,19,7,7,13,18,8,18,20,20,11,18,17,20,17,5,1,10,14,8,3,5,6,14,7,2,13,18,12,8,12,6,5,8,16,7,9,19,4,15,3,17,17,19,16,6,3,1,16,11,14,1,11,16,5,18,11,15,6,7,2,15,10,11,4,15,11,16,9,10,3,10,5,2,6,3,1,20,17,8,2,14,18,1,9,20,14,5,5,17,4,9,6,7,16,6,20,17,15,6,1,20,2,8,14,1,9,12,12,8,20,2,19,10,13,20,9,2,17,3,2,18,1,1,13,4,13,8,17,4,12,13,16,7,9,20,9,7,20,4,11,10,13,8,4,1,18,11,20,3,20,12,8,20,13,4,8,17,16,8,15,9,6(d20)
[2025-02-07 14:07:30] 27482 = 3,1,4,3,3,1,3,1(d4) + 6,4(d6) + 8,8,8,7,7,2,2,6,1,8,5,6,8,3,1,4,1,4,7,7,8,7,5,1,4,4,3,7,6,2,7,1,5,6,4,5,5,4,7,8,5,7,8,2,5,8,7,7,3,4,5,7,8,7,8,6,4,2,2,7,6,6,3,2,6,2,2,7,4,7,8,5,7,6,3,4,3,1,4,4,7,3,5,5,6,8,6,2,6,4,6,1,1,2,6,4,2,7,4,4,6,3,5,6,1,8,5,5,3,5,4,1,1,1,1,2,2,7,6,7,2,4,8,3,6,7,1,8,6,3,5,1,6,4,1,2,2,8,2,4,3,8,1,8,8,3,3,1,6,7,4,6,8,4,6,8,7,1,2,7,5,1,7,2,2,4,4,5,2,4,5,3,7,2,5,6,1,8,8,7,6,3,8,5,4,7,5,4,5,7,7,2,3,4,1,4,3,3,7,4,8,7,1,5,3,3,5,8,4,5,4,7,7,6,7,3,7,7,3,3,1,7,2,4,5,4,3,4,7,7,2,1,4,3,4,2,5,5,5,6,4,3,2,3,2,8,5,8,1,2,5,8,2,3,4,5,1,2,2,5,6,1,5,6,1,5,1,3,8,2,3,6,1,8,7,7,7,8,2,5,8,8,3,6,6,6,2,8,3,8,4,6,8,4,2,2,3,2,1,6,8,2,1,4,3,5,2,1,3,1,7,2,4,3,5,7,3,4,3,7,3,3,3,2,8,4,2,1,3,5,6,1,4,2,7,4,1,8,1,6,6,3,7,3,4,4,3,5,1,1,1,7,3,7,8,5,8,8,5,2,7,3,1,1,3,4,8,2,7,1,8,8,2,6,1,8,5,3,7,8,4,4,7,4,8,7,5,6,8,8,6,8,5,6,2,1,5,1,8,3,5,3,2,4,7,8,7,1,1,6,4,6,3,1,5,4,5,7,2,5,5,4,4,8,4,6,5,1,1,2,2,6,1,2,8,5,3,1,1,4,8,7,7,2,1,6,6,4,5,2,8,4,2,8,1,7,4,7,5,6,1,8,7,5,5,4,7,4,6,1,5,1,5,2,2,6,4,2,6,8,8,8,4,2,5,3,5,1,7,5,6,7,2,1,1,8,5,1,7,3,7,5,1,4,7,1,8,6,2,2,4,6,3,1,8,4,1,7,6,8,3,5,8,4,8,7,2,3,3,8,3,1,3,2,8,7,7,1,1,4,4,1,1,7,5,1,4,6,1,1,2,1,5,5,1,6,7,4,6,1,5,3,3,1,7,5,2,3,8,7,4,2,7,6,5,1,2,2,3,3,8,4,2,8,2,1,4,6,2,2,7,6,6,1,7,5,7,2,8,8,4,3,7,8,5,6,4,4,1,5,7,1,1,1,1,3,2,3,6,6,2,6,7,1,3,8,4,3,7,3,4,3,8,2,3,1,1,5,4,3,5,5,6,2,1,3,5,4,5,6,8,2,7,2,3,7,2,5,2,5,3,8,3,3,4,5,5,4,5,7,5,3,1,4,2,5,8,3,4,6,4,7,6,5,8,8,1,8,3,2,7,3,6,5,7,1,4,8,5,8,3,7,7,1,6,3,7,2,6,1,7,7,4,3,2,1,5,6,3,4,8,1,5,7,7,7,5,3,8,6,8,2,7,5,2,1,4,4,7,2,5,3,4,8,8,1,2,2,2,5,4,3,4,3,6,7,6,8,1,8,7,4,7,4,6,7,4,2,4,6,5,1,6,1,4,6,1,2,7,1,6,8,2,8,7,2,6,6,5,8,4,6,2,5,7,3,7,4,7,6,8,8,8,4,6,6,7,1,4,5,5,1,5,5,5,7,7,8,2,1,4,6,1,8,1,5,5,2,3,7,4,7,2,8,8,2,6,2,4,6,4,3,7,6,7,3,2,6,6,5,4,7,3,7,2,5,4,6,7,1,5,1,3,8,8,5,1,6,8,4,3,4,1,7,2,1,7,5,1,4,7,8,1,1,7,8,3,1,5,5,8,2,7,3,6,3,8,6,3,7,5,2,5,7,5,2,8,1,4,1,2,8,7,3,3,6,7,1,1,5,4,6,2,1,6,8,1,1,8,5,5,7,2,4,2,5,4,3,5,8,1,6,1,2,2,2,1,8,7,8,4,5,4,7,8,1,7,4,8,5,5,1,1,5,5,4,1,1,1,6,3,8,8,2,1,4,3,5,1,6,6,7,1,3,6,2,2,1,3,2,1,2,4,4,2,1,7,2,1,8(d8) + 9,3,6,8,5,10,10,6,6,5,2,6,4,1,9,2,8,8,2,2,9,2,1,8,8,8,3,2,2,7,5,4,5,10,10,5,4,2,1,2,3,10,3,7,5,5,9,4,6,2,3,5,9,9,1,5,7,1,10,8,5,8,7,7,7,7,2,4,2,7,4,7,9,10,3,7,9,3,7,4,3,9,4,5,5,1,5,7,7,7,10,4,3,4,10,4,6,4,10,4,6,7,3,2,6,4,6,9,10,3,8,10,6,3,10,6,3,8,7,2,9,8,3,7,10,1,7,6,7,1,10,7,2,3,6,3,10,2,5,5,10,10,7,10,3,10,7,8,2,10,4,3,6,3,8,2,3,4,9,2,10,7,6,7,1,5,10,4,7,10,1,8,8,10,1,6,9,3,4,5,5,9,1,2,6,4,5,1,2,6,1,7,1,7,8,6,7,2,5,2,1,3,9,8,8,6,10,4,3,8,9,1,8,2,2,9,5,10,2,3,6,7,10,7,1,3,5,3,7,5,2,3,5,1,1,6,9,2,4,7,6,7,6,2,3,8,2,8,10,8,10,7,5,8,6,2,7,10,7,9,4,2,7,10,9,10,5,6,3,7,6,2,5,5,9,8,6,10,10,4,1,2,2,7,4,3,8,9,1,8,3,4,5,1,2,9,1,7,1,6,8,10,7,1,7,10,5,3,6,4,5,5,10,1,8,6,7,9,8,7,8,7,10,9,1,7,9,1,4,3,9,6,6,8,5,5,3,1,10,1,7,4,2,8,1,7,10,5,1,3,4,5,3,5,7,3,9,10,10,4,9,9,2,9,2,6,2,10,5,4,9,5,2,5,7,10,9,10,3,6,7,1,2,3,8,4,8,8,1,5,5,9,10,9,2,7,9,8,1,8,8,1,8,4,5,3,1,8,5,10,7,9,9,8,9,9,2,7,10,8,5,8,2,10,4,5,5,2,10,7,7,4,9,10,8,10,1,4,4,6,9,8,1,9,10,7,3,4,9,3,1,5,1,1,4,10,7,10,1,3,1,10,9,8,5,6,8,5,7,4,3,7,5,9,1,9,3,7,4,5,1,10,3,3,7,5,6,4,2,5,1,7,3,6,4,6,10,6,2,5,3,9,4,5,6,8,2,4,10,10,8,3,8,4,9,9,3,4,6,2,10,2,5,9,4,5,4,3,6,3,9,8,6,1,10,6,4,5,6,8,1,8,7,7,5,9,4,8,5,7,2,1,4,7,3,5,9,10,1,9,2,4,2,10,6,3,1,5,9,5,2,4,5,4,3,10,4,8,5,2,7,3,7,6,8,8,8,5,7,5,10,7,8,10,1,5,2,7,9,7,8,1,3,8,7,7,5,10,2,5,7,6,8,9,3,10,9,9,10,9,4,6,8,10,8,2,2,4,9,9,6,5,9,7,3,10,3,1,3,6,6,8,6,10,1,4,8,2,10,2,5,4,7,5,3,10,4,10,9,5,5,9,10,10,9,9,9,9,8,8,1,8,4,5,6,1,1,7,1,2,6,8,10,6,4,1,10,7,7,6,7,10,7,6,9,10,10,9,9,2,3,3,4,7,9,3,6,8,10,2,2,5,9,10,10,3,6,2,1,1,6,8,4,2,4,3,8,7,1,9,1,10,4,3,6,8,7,7,8,5,2,8,8,4,10,10,2,3,4,1,5,3,10,7,8,5,5,9,1,8,6,3,7,1,10,6,4,10,1,7,9,9,4,1,4,5,10,3,9,8,5,9,7,7,7,10,8,6,6,7,4,6,5,3,2,2,5,4,9,2,8,6,5,4,3,6,5,3,10,7,3,9,7,2,1,2,9,7,9,2,5,7,3,4,7,8,2,7,3,2,7,9,9,5,3,3,9,8,8,7,10,4,5,3,10,2,6,10,7,8,7,2,3,10,8,4,10,10,6,1,4,7,8,4,8,3,1,10,9,1,4,5,8,9,5,6,5,2,1,2,2,7,2,4,10,2,2,8,1,7,2,8,2,8,2,8,10,3,8,1,6,9,8,2,4,8,9,5,4,4,2,3,8,9,1,1,3,2,7,3,10,5,5,3,1,6,7,4,9,10,9,6,2,9,5,4,10,7,2,1,3,3,7,8,1,7,9,3,4,8,7,8,3,10,3,5,3,3,8,7,10,7,5,5,3,1,1,3,1,7,10,9,4,6,9,10,9,1,1,8,1,6,3,10,9,3,7,9,9,1,4,9,3,4,7,3,2,4,2,10(d10) + 9,2,11,1,2,8,2,10,6,1,12,7,5,3,10,7,4,7,10,1,6,2,5,11,3,9,6,1,4,10,9,2,7,10,5,12,2,6,9,1,11,9,5,3,4,6,5,3,3,3,3,7,6,6,6,3,12,3,9,1,2,12,8,10,10,11,10,6,4,10,10,11,8,11,8,5,6,7,10,1,2,10,12,9,2,8,5,7,5,8,8,9,9,10,11,12,7,3,11,8,7,8,10,6,2,9,5,12,3,11,11,4,8,11,4,10,10,11,5,10,4,5,7,11,8,11,11,8,12,2,5,9,7,8,9,5,3,7,6,3,8,7,11,7,6,11,7,1,5,8,10,3,5,7,8,2,11,12,9,8,4,9,8,3,9,7,11,10,6,11,7,11,2,12,7,11,12,9,8,11,2,4,7,9,3,12,1,3,10,8,12,6,10,4,2,4,2,3,9,1,4,1,12,6,10,7,12,11,12,12,8,10,12,10,2,6,4,7,10,10,5,5,10,6,1,5,11,11,12,9,4,10,1,11,8,6,1,2,7,8,1,5,9,9,7,6,5,6,10,1,2,3,6,2,2,2,12,4,2,4,5,6,8,8,10,12,10,3,9,2,2,10,3,12,2,8,2,4,1,12,2,2,12,12,6,12,8,2,3,6,12,5,8,2,11,10,6,10,7,6,1,5,1,12,7,9,11,7,9,11,12,2,8,2,11,6,6,1,10,8,12,6,4,11,10,5,4,4,11,5,1,7,4,5,1,5,1,5,12,2,7,10,1,2,11,2,4,7,2,2,9,4,10,3,10,4,4,9,9,6,10,5,1,12,1,5,1,4,3,4,9,4,2,5,5,2,2,4,8,6,2,10,9,5,1,7,8,5,4,2,9,4,10,5,11,4,12,3,8,2,4,6,7,11,6,11,1,5,4,12,6,12,9,12,6,6,12,7,10,6,1,12,10,12,9,1,9,5,9,11,4,2,9,5,9,9,8,6,6,6,8,5,4,7,2,10,6,8,4,12,12,5,1,6,8,10,12,9,8,8,9,9,7,2,12,2,1,12,7,1,5,8,2,1,5,3,7,7,12,8,5,11,9,2,12,5,9,4,5,8,2,11,2,12,7,6,8,12,8,6,6,9,1,2,5,1,7,10,2,3,3,10,1,12,5,10,11,6,6,4,3,1,11,9,4,6,9,11,12,12,8,12,11,3,11,9,8,8,1,12,9,12,4,9,10,3,7,10,7,9,12,12,10,2,7,1,12,12,2,5,12,1,3,6,1,11,2,7,3,11,8,5,7,2,7,4,4,7,2,10,6,11,2,4,8,12,3,8,5,9,1,6,3,2,1,7,7,9,8,8,8,5,7,3,8,12,12,8,2,6,6,2,10,1,4,11,1,9,9,4,4,9,12,6,2,3,6,9,5,7,5,12,1,11,7,5,6,10,2,1,1,8,1,10,1,12,7,7,11,9,3,10,7,1,2,3,7,10,2,8,1,1,3,7,10,12,4,6,9,7,2,5,9,3,6,7,1,5,9,3,5,12,8,6,12,11,4,3,6,5,11,5,7,1,5,9,12,1,12,12,10,10,3,4,10,5,3,8,5,4,10,9,4,11,7,6,3,7,8,3,9,5,6,11,2,6,8,1,11,8,1,11,7,1,2,7,11,5,11,5,11,12,12,2,2,12,3,12,12,4,12,8,9,11,8,6,3,10,4,1,6,6,2,7,7,12,10,8,10,9,10,4,5,8,9,1,11,4,6,12,10,9,10,2,10,9,4,9,12,5,7,5,5,5,11,10,12,7,9,1,1,7,2,9,7,5,6,7,2,6,9,5,7,9,6,6,6,10,10,5,12,6,3,2,2,9,12,2,7,12,9,5,11,12,7,10,3,8,12,4,2,4,3,9,8,1,8,6,5,7,7,9,7,7,12,7,4,8,5,6,8,8,9,2,2,12,4,11,11,2,12,6,7,12,6,5,9,6,10,12,11,3,9,3,3,3,6,1,11,2,9,3,6,2,7,3,1,5,10,2,8,6,6,7,10,8,7,2,12,3,9,3,3,9,9,4,7,10,2,5,5,12,3,9,11,6,4,12,11,8,6,4,4,9,5,10,5,5,2,1,9,4,2,9,10,8,7,5,4,11,10,12,12,7,1,5,7,9,9,6,11,4,6,10,12,8,11,8,2,12,7,7,6,5,5,5,10,3,1,9,9,11,10,4,8,4,9,1,10,3,2,10,11,10,10,6,8,7,2,9(d12) + 5,2,17,17,13,10,7,19,11,14,1,7,19,1,2,2,16,9,2,20,19,18,18,6,15,12,19,4,5,3,8,12,2,17,7,13,16,17,15,6,14,4,17,13,6,2,8,8,4,7,6,15,17,2,15,17,15,20,2,2,18,20,8,15,5,19,2,20,12,19,3,2,6,12,19,17,16,12,16,8,7,15,18,1,15,11,1,20,20,7,19,9,12,6,13,15,3,13,9,10,10,3,19,4,18,18,9,12,16,20,17,1,13,2,11,20,9,4,2,19,13,7,11,15,17,18,1,5,1,6,9,6,10,7,2,17,7,7,19,6,11,17,18,12,11,7,2,19,13,8,7,2,12,7,4,13,19,11,19,6,17,13,17,2,18,12,8,10,15,7,1,3,14,9,8,4,18,16,6,1,11,19,10,1,11,18,8,17,2,16,7,16,12,14,4,7,10,9,4,5,18,19,3,3,3,16,5,10,1,13,5,7,16,17,11,13,11,10,9,10,1,9,17,19,18,4,11,14,13,14,14,15,2,12,18,14,15,11,17,4,13,10,11,18,6,17,6,13,9,15,11,5,12,6,9,4,12,14,7,10,18,6,8,13,20,11,15,18,4,8,6,9,6,6,10,14,11,6,12,14,8,19,14,17,3,4,12,18,18,7,15,13,3,1,16,17,5,17,16,4,12,9,6,3,10,16,2,20,19,1,18,3,12,3,2,11,7,8,19,13,16,8,18,2,9,6,14,4,5,16,14,9,13,6,12,4,13,3,3,8,3,10,6,19,16,4,11,3,2,13,19,7,3,19,16,13,9,20,12,12,16,7,3,18,5,19,16,15,13,8,14,14,3,11,16,1,11,15,19,2,18,10,5,4,9,1,9,8,16,9,18,1,20,17,7,18,12,16,11,13,3,5,18,12,11,13,14,19,15,2,13,9,19,20,18,18,11,11,16,8,4,13,10,20,17,6,3,7,15,6,3,11,16,6,19,9,18,3,1,14,12,20,14,9,4,17,17,13,4,17,14,7,16,11,3,10,15,3,7,7,9,15,13,10,17,13,20,4,11,9,8,5,16,7,3,11,15,4,7,7,6,18,5,14,3,7,15,2,7,20,15,2,11,2,9,3,17,16,17,12,5,6,2,7,5,8,15,1,10,10,2,1,19,18,8,20,18,10,9,15,16,18,1,4,5,19,14,5,6,20,6,20,2,5,19,1,19,19,10,13,1,20,3,16,9,2,6,2,12,11,4,6,2,8,17,20,19,5,13,20,2,16,1,15,9,9,20,8,5,8,13,9,2,20,14,15,18,8,5,14,4,10,4,18,9,4,12,2,18,7,15,10,9,19,5,1,7,20,19,1,16,2,3,11,2,15,2,9,16,1,9,3,10,19,12,15,11,11,4,20,8,10,13,15,2,7,18,2,17,3,20,11,12,15,15,16,17,2,1,4,14,6,9,18,2,2,19,6,14,4,1,7,2,19,9,2,3,10,15,11,1,20,10,3,2,19,7,3,11,20,5,16,1,10,14,12,6,3,19,5,9,19,19,1,20,9,13,20,8,6,13,15,12,18,9,17,4,15,13,3,5,17,11,12,1,8,20,4,16,6,16,15,18,10,8,11,11,7,13,10,10,8,8,2,5,9,3,17,17,6,5,8,3,18,9,9,18,11,16,1,6,11,5,3,14,16,8,17,13,17,11,13,19,10,4,16,18,9,11,6,19,1,7,14,13,3,4,18,19,20,13,12,18,3,10,12,16,9,17,11,15,13,1,7,15,13,9,10,18,6,15,16,20,18,14,13,15,11,17,10,6,19,3,1,18,13,11,19,1,18,16,2,10,18,14,14,2,17,13,1,20,2,9,17,18,9,1,2,18,11,8,9,7,9,19,13,10,5,14,17,11,9,13,19,6,12,1,14,18,4,10,15,1,19,13,8,8,13,14,15,14,14,10,14,17,6,11,6,12,9,14,14,4,6,13,10,5,16,7,7,8,6,8,6,16,19,19,15,10,8,9,14,16,8,10,16,15,14,19,10,13,11,19,3,18,2,1,6,20,16,18,19,20,15,11,10,9,1,2,5,7,16,9,10,6,10,12,12,6,5,6,17,20,13,19,20,20,2,11,18,10,5,14,6,15,6,19,6,15,11,10,19,14,17,3,3,10,11,7,15,11,10,20,16,20,11,5,6,2,19,17,11,15,1,20,7,1,12,15,8,9,4,2,11,3,4,1,17,11,3,5,3,1,5,10,2,6,17,16,20(d20)
[2025-02-07 14:07:37] 7 = 3,4(d6)
[2025-02-07 14:07:38] 3 = 2,1(d6)
[2025-02-07 14:07:38] 4 = 3,1(d6)
[2025-02-07 14:07:38] 7 = 3,4(d6)
[2025-02-07 14:07:38] 6 = 3,3(d6)
[2025-02-07 14:07:39] 7 = 3,4(d6)
[2025-02-07 14:07:39] 4 = 1,3(d6)
